训练数据：
truePositive:354078.0
falsePositive:65568.0
trueNegative:384558.0
falseNegative:95796.0

Accuracy:0.8207066666666667
Precision:0.8437540212464791
Recall:0.7870603769055335

F1-Score:0.8144217499309964


验证数据
truePositive:118344.0
falsePositive:21722.0
trueNegative:128235.0
falseNegative:31699.0

Accuracy:0.82193
Precision:0.8449159681864264
Recall:0.7887338962830656

F1-Score:0.815858866839705